result = cell(6, 1);
i = 1;

result_period = cell(3, 1);
ii = 1;

s = struct();
s.years = [1825	1826	1827	1828	1829	1830	1831	1832	1833	1834	1835	1836	1837	1838	1839	1840	1841	1842	1843	1844	1845	1846	1847	1848	1849	1850	1851	1852	1853	1854	1855];
s.data = [1.054244444	0.970144444	0.798044444	0.6266	0.931	0.746222222	0.660544444	0.412966667	0.693922222	0.545255556	0.476344444	0.345755556	0.288933333	0.3666	0.480677778	0.566111111	0.826944444	0.738455556	0.777966667	0.940922222	0.303355556	0.467155556	0.447411111	0.545644444	0.545788889	0.993577778	1.042511111	0.960955556	0.821111111	0.816977778	1.024344444];
s.name = 'wts 1825-1855 20';
result_period{ii} = s;
ii = ii + 1;

s = struct();
s.years = [1825	1826	1827	1828	1829	1830	1831	1832	1833	1834	1835	1836	1837	1838	1839	1840	1841	1842	1843	1844	1845	1846	1847	1848	1849	1850	1851	1852	1853	1854	1855];
s.data = [1.476514286	0.932571429	0.868335714	0.7519	1.482264286	1.046078571	0.91955	0.349376923	0.980928571	0.594428571	0.884728571	0.5485	0.436735714	0.379678571	0.486485714	0.565821429	0.688664286	0.675864286	1.210721429	1.470621429	0.433514286	0.506964286	0.495707143	0.650585714	0.569978571	1.121607143	1.0388	0.996385714	0.819714286	0.767114286	1.0431];
s.name = 'wts 1825-1855 8';
result_period{ii} = s;
ii = ii + 1;

s = struct();
s.years = [1825	1826	1827	1828	1829	1830	1831	1832	1833	1834	1835	1836	1837	1838	1839	1840	1841	1842	1843	1844	1845	1846	1847	1848	1849	1850	1851	1852	1853	1854	1855];
s.data = [0.8761	0.612	0.607	0.6125	0.8879	0.797466667	0.729433333	0.629233333	1.8499	1.196933333	0.988333333	0.294266667	0.435	0.839166667	0.843066667	1.1372	1.077033333	1.219033333	1.672033333	1.9413	0.975966667	1.149133333	0.895766667	0.7151	0.743266667	1.1239	1.035966667	1.1043	1.118633333	1.023	1.297833333];
s.name = 'wts 1825-1855 others';
result_period{ii} = s;
ii = ii + 1;

result{i} = result_period;
i = i + 1;
result_period = cell(3, 1);
ii = 1;

s = struct();
s.years = [1900	1901	1902	1903	1904	1905	1906	1907	1908	1909	1910	1911	1912	1913	1914	1915	1916	1917	1918	1919	1920	1921	1922	1923	1924	1925	1926	1927	1928	1929	1930	1931	1932	1933	1934	1935	1936	1937	1938	1939	1940];
s.data = [0.6237	0.92855	0.919372222	0.716116667	0.984588889	0.842738889	0.39895	0.882305556	0.925533333	1.13835	0.832394444	0.912133333	1.138733333	0.940333333	1.375072222	1.202011111	0.472433333	0.771561111	1.028888889	0.951661111	0.738844444	0.624416667	0.559388889	0.616177778	0.548033333	0.78025	0.646361111	0.530747059	0.33640625	0.5048375	0.62088125	0.33199375	0.53135625	0.838425	0.89826875	0.74934375	0.924075	0.993725	1.53809375	0.6130375	0.9209375];
s.name = 'wts 1900-1940 20';
result_period{ii} = s;
ii = ii + 1;

s = struct();
s.years = [1900	1901	1902	1903	1904	1905	1906	1907	1908	1909	1910	1911	1912	1913	1914	1915	1916	1917	1918	1919	1920	1921	1922	1923	1924	1925	1926	1927	1928	1929	1930	1931	1932	1933	1934	1935	1936	1937	1938	1939	1940];
s.data = [0.444707692	0.812453846	0.812961538	0.774946154	1.028046154	0.910130769	0.427146154	0.883046154	1.062946154	1.5408	0.903985714	1.180728571	1.371728571	0.992964286	1.307607143	1.306964286	0.489028571	0.990885714	1.325542857	1.031557143	0.903778571	0.820714286	0.678685714	0.949421429	0.616885714	0.882	0.699592857	0.620407143	0.463528571	0.586357143	0.851207143	0.545042857	0.782942857	1.182107143	1.323835714	1.157235714	1.408142857	1.167185714	1.809707143	0.751592857	1.136085714];
s.name = 'wts 1900-1940 8';
result_period{ii} = s;
ii = ii + 1;

s = struct();
s.years = [1900	1901	1902	1903	1904	1905	1906	1907	1908	1909	1910	1911	1912	1913	1914	1915	1916	1917	1918	1919	1920	1921	1922	1923	1924	1925	1926	1927	1928	1929	1930	1931	1932	1933	1934	1935	1936	1937	1938	1939	1940];
s.data = [0.53592	0.81326	1.05066	0.7794	0.86902	0.58138	0.38846	0.80764	0.85474	1.29904	0.78598	0.94406	1.28558	0.988	1.49378	1.61602	0.38352	0.8622	1.32328	1.38838	1.06804	0.996	0.8043	0.86936	0.6731	1.35638	0.85168	0.82966	0.54018	0.73194	0.991	0.59148	0.92738	1.46104	1.41616	1.35246	1.48064	1.2078	1.70094	0.57912	0.6811];
s.name = 'wts 1900-1940 others';
result_period{ii} = s;
ii = ii + 1;

result{i} = result_period;
i = i + 1;
result_period = cell(2, 1);
ii = 1;

result_period{ii} = 0;
ii = ii + 1;

s = struct();
s.years = [1960	1961	1962	1963	1964	1965	1966	1967	1968	1969	1970	1971	1972	1973	1974	1975	1976	1977	1978	1979	1980	1981	1982	1983	1984	1985	1986	1987	1988	1989	1990	1991	1992	1993	1994	1995	1996	1997	1998	1999	2000	2001	2002	2003	2004	2005	2006	2007	2008	2009	2010	2011	2012];
s.data = [1.354772222	1.175888889	0.925311111	1.391583333	1.017744444	1.241011111	1.363516667	0.692766667	1.106033333	0.905955556	1.486322222	1.579522222	0.690172222	0.444633333	0.567377778	1.133261111	0.631711111	0.9313	1.213122222	1.262777778	1.848	1.935938889	1.360677778	1.450061111	1.310116667	0.832283333	0.933455556	0.667588889	0.747516667	0.697944444	1.195638889	1.453861111	1.222516667	0.845372222	0.698416667	0.876677778	0.9963	1.220533333	1.284788889	1.034127778	0.450811111	0.352505556	0.773511111	0.617111111	0.915911111	0.718644444	0.748577778	1.012916667	0.696738889	1.287055556	0.662533333	0.791927778	1.348438889];
s.name = 'wts 1960-2012 8';
result_period{ii} = s;
ii = ii + 1;

s = struct();
s.years = [1960	1961	1962	1963	1964	1965	1966	1967	1968	1969	1970	1971	1972	1973	1974	1975	1976	1977	1978	1979	1980	1981	1982	1983	1984	1985	1986	1987	1988	1989	1990	1991	1992	1993	1994	1995	1996	1997	1998	1999	2000	2001	2002	2003	2004	2005	2006	2007	2008	2009	2010	2011	2012];
s.data = [1.175523077	1.169015385	0.706053846	1.125292308	1.1327	1.227153846	1.246961538	0.549192308	0.980469231	0.666946154	1.155169231	1.243792308	0.772561538	0.452623077	0.673638462	1.001215385	0.717907692	0.785430769	1.192838462	1.119876923	1.670253846	1.682138462	1.3044	1.323166667	1.25405	0.82855	0.975008333	0.77695	0.853083333	0.766016667	1.015116667	1.321791667	1.168491667	0.942008333	0.751533333	0.925283333	1.049441667	1.228066667	1.436266667	1.306775	0.588108333	0.544783333	0.918866667	0.867791667	0.975972727	0.902754545	0.921009091	1.134581818	0.857681818	1.248481818	0.743972727	0.884463636	1.205645455];
s.name = 'wts 1960-2012 others';
result_period{ii} = s;
ii = ii + 1;

result{i} = result_period;
i = i + 1;
result_period = cell(3, 1);
ii = 1;

s = struct();
s.years = [1825	1826	1827	1828	1829	1830	1831	1832	1833	1834	1835	1836	1837	1838	1839	1840	1841	1842	1843	1844	1845	1846	1847	1848	1849	1850	1851	1852	1853	1854	1855];
s.data = [1.08625	1.051888889	0.717777778	0.760777778	0.932333333	0.961222222	0.841111111	0.394111111	0.652666667	0.607222222	0.676666667	0.493555556	0.453	0.469444444	0.398888889	0.36	0.547333333	0.625222222	1.033666667	0.873111111	0.663333333	0.652333333	0.738888889	0.835	0.702222222	0.823666667	1.072555556	0.993888889	0.506666667	0.515888889	0.837777778];
s.name = 'hs 1825-1855 20';
result_period{ii} = s;
ii = ii + 1;

s = struct();
s.years = [1825	1826	1827	1828	1829	1830	1831	1832	1833	1834	1835	1836	1837	1838	1839	1840	1841	1842	1843	1844	1845	1846	1847	1848	1849	1850	1851	1852	1853	1854	1855];
s.data = [1.179714286	1.153	0.879428571	0.712142857	0.928142857	1.111428571	0.791285714	0.23	0.766285714	0.621857143	0.920857143	0.699571429	0.783285714	1.040428571	0.652285714	0.536666667	0.8305	0.953333333	1.8245	1.4965	0.91	0.859333333	1.027833333	1.144833333	0.575833333	1.401166667	1.112833333	1.178	0.6425	0.4246	0.8548];
s.name = 'hs 1825-1855 8';
result_period{ii} = s;
ii = ii + 1;

s = struct();
s.years = [1825	1826	1827	1828	1829	1830	1831	1832	1833	1834	1835	1836	1837	1838	1839	1840	1841	1842	1843	1844	1845	1846	1847	1848	1849	1850	1851	1852	1853	1854	1855];
s.data = [1.561	1.080666667	0.915666667	1.209	1.170666667	1.813333333	1.391666667	0.975666667	1.423	1.315666667	1.534333333	1.024	1.295	1.280666667	1.137666667	0.869	1.246333333	1.109	1.46	1.471666667	1.165333333	1.070666667	1.229666667	1.035	1.174666667	1.292333333	1.271333333	1.478	1.163666667	1.114333333	1.192333333];
s.name = 'hs 1825-1855 other';
